9
377083280820 10
1 377083280820 2 188541640410 3 125694426940 4 94270820205 5 75416656164
68719476736 37
1 2 4 8 16 32 64 128 256 512 1024 2048 4096 8192 16384 32768 65536 131072 262144 524288 1048576 2097152 4194304 8388608 16777216 33554432 67108864 134217728 268435456 536870912 1073741824 2147483648 4294967296 8589934592 17179869184 34359738368 68719476736
68719476736 35
1 2 4 8 16 32 64 128 256 512 1024 2048 4096 8192 16384 32768 65536 131072 262144 524288 1048576 2097152 4194304 8388608 16777216 33554432 67108864 134217728 268435456 536870912 1073741824 2147483648 4294967296 8589934592 17179869184
624700633868 331
51586154892 100455856305 300198986427 387921659222 497470846832 534745987134 381833557265 236666114921 741975111897 681829799437 238065716593 562032603173 871580966078 581284325016 252442771431 126151857106 731916619760 579779804849 570401011904 424130660809 546222943626 967578970873 420062752021 41811811748 940071584157 350593639917 694482198005 494428753092 258908594793 342800531874 678704784986 385880801178 654205018888 335313202001 621408782371 39060335091 373740416898 210886235743 270880844173 206999346732 652428513098 824467035553 624428556099 824382314085 814092225203 126522232737 573993552252 675977042610 801335559832 639693417947 870099280768 945006670321 943357007607 614483413784 683599598084 539699979589 501894802177 934168857018 15572949754 259306986719 884957842210 951915478853 49889696266 650251626519 465719846622 344341280033 809487397415 762320685488 13305096410 173835252940 982274730996 312911820526 90369242097 90391893061 339800944590 116025936569 157873746917 564169606800 48308636748 731946608887 436419017494 659510928831 518565318631 639756274960 933210210165 183224152552 93263479344 238582111870 443456416546 915499926017 56578868282 688951206901 428190948745 80899918615 184523169909 249216983781 743366309815 435677064796 396300206911 42070004369 714351658654 968585134716 133040271629 140557492020 698522442551 410343903279 195555679092 842035561325 455633097924 964747968517 271509883884 827940817973 328660532193 537416632764 302194717750 42187748166 249268512436 859124456790 840056232250 980483228797 156949463615 328417242777 670169269078 440570358487 575929267010 27382920284 886214941143 51067184076 398554894736 71734401536 196065102145 630493876909 6448963385 83800577530 613807694349 257127117721 420091238243 299828923127 551016781277 710213606576 136161132331 849102217121 325304124177 295826064770 255629279387 357083941826 674267147094 208799866144 69136846616 930161330024 844803015226 394862778079 371758630681 486059270272 267649142016 192634165207 306596660181 74279092415 982916191201 575369366627 553907564725 332551518705 957469837592 747390695145 882058115171 283102186869 472248527325 996176684252 43710357521 771571428401 571335086627 499422114451 230736174909 864126988741 667835278272 646722877724 350051160862 437205385442 908948819227 489162615222 980940885357 592589568038 250156030702 636794195319 508385468275 541568209356 307383544865 720083964305 746676728967 367862372224 179299815316 495318820117 18198846241 174857478305 993100674729 449476751056 488302971702 307299471698 284158506880 970684348253 943447556195 369803004414 579860085987 668324523860 785543308710 936997060552 850764902987 887520767896 407076465784 858508499096 849961616515 703197625136 276377750627 186139715593 883187445755 562213014565 965926186636 996832286000 258736785410 517670907452 981637112825 175308634458 230467876604 696892552803 544934023134 210129959063 734926772697 675774734300 838109270657 519419300178 396798006912 943565392801 95238178612 350663347040 808426643603 710869026755 219114576275 325032663995 857236357780 695959829853 507607231814 151701595260 802451513953 816431577840 397438125963 986268500166 470867168116 804738500888 243645833983 370387832955 80580542667 595592287044 550795433376 450909935264 530383161004 679227151490 632389102995 347498355937 31261548517 408242992694 977116566146 268906031217 996590840913 147252268657 709961866353 697920368002 245894532606 257536750132 68598281713 405288703089 561365191913 216976553568 168891870582 244567934927 267738018476 692004552499 481990282917 534368711305 165402400200 304972537191 355884127977 3513346676 646079508414 271561913721 906710768865 357848100071 124107767132 325590476282 882784752971 420445339422 215549677100 458718278684 106822109830 294778224569 626241108525 884461316674 692182174806 598244927163 940928464032 202846143524 540115979435 603058002669 138509655447 699682670302 564825010272 473796551220 896086559463 201998450239 438550054349 107483356714 710505878543 40899826057 255523906407 235239512831 723965172954 849376104193 973725971918 382765742693 560373896129 278688456667 591148808040 668853565539 667116582616 370702846359 94762261552 156175158467 4 312350316934 2 624700633868 1
961666292969 848
1 961666292969 109 8822626541 11923 80656403 739967 1299607 91718619401 321937008412 952094477023 951260184116 573348179450 631717896336 447070465093 294645240204 328795650996 670928557525 755683151413 793629623440 786466341927 94192623285 498105603258 60112066958 549995778682 441252207779 887107953373 350923874123 120124445423 144688987145 763803943866 622198463377 102385495270 83434427566 701035627688 70423082377 824169421595 705004299458 79514130461 82606085542 986044198536 377369306477 373148304726 812765374097 948791319879 986089653549 753123452708 376703769852 83673122579 779012524908 561374062759 421975057098 907656523283 109240138878 490715828397 10330264306 470605893246 59017033364 119259193800 119497974655 651736426407 745954384259 580840667484 963791618553 375713924604 283823857049 869852726177 225212347509 965517707322 12789985965 968755665069 44335600431 889244635216 527957322965 996085017340 74101028516 557037549203 966691630521 520404932655 627996413233 697049543823 455248629249 630058495542 585765686531 900813988311 46880660427 283290469706 949436295952 890752688486 455725047192 619916939637 275606676602 187461786276 465524067976 353172561212 580962779676 78857081701 976074052324 985494165403 695923497919 533777519817 311003764725 814337747405 684063554288 159485815693 910860344867 824378306950 950977223539 728345547461 613833189273 416967229450 935773135646 865657478395 43657630725 27536131064 377001931126 809517025426 992074249455 151941936907 595924901146 379644998873 969928874811 844257776305 837791403937 468309583977 412891750911 270641660309 56158239543 866259317212 814043818693 999653254789 556563979287 771917811253 948144444106 847731413075 245848587349 447557261769 129928955905 954662703789 606480424708 231405195713 673266184680 618676709410 357636225119 111764432423 672154501370 521736352182 772369859331 521012935986 853909874625 553913229548 558725458910 879574160123 406260767121 135205767935 27575991191 754989401317 621221326734 707832277067 214332401767 135795113664 17095957218 350504068402 591144886098 393224938831 434182547891 905062983650 350243614969 513037753825 785594492239 396416717342 620724145258 861989808209 952608592669 148001767562 927034723729 492928748305 257982519124 455463505989 981918883590 491118400962 327315724414 633849770027 237690204107 75321972847 130825215639 127065602896 152043132875 140435412880 640723510148 183380077444 345365455129 897108363104 474659324571 669899408032 174383984701 189939985459 42184269589 168985843154 276370920106 176230259222 88256060230 122554415749 461090472460 209999064110 361330223025 503928940250 688575954843 39051090714 800930420783 630019238102 83801928760 872552575083 920743432240 60140687697 278607231780 803521882120 749889599331 184624567988 208463069487 373335916600 482050449934 621739274268 367353989198 462656093570 747592063642 34994272955 249679836019 715915924483 896980042647 514320685419 528411854332 106803875090 448197647142 534281750387 240968578240 269455103607 374445058076 19602080807 325733369105 210836527190 328716763262 116965773849 890531089933 594741172249 680129994122 788765688041 500275995794 88408463588 540035540438 586511037039 745548492712 431921060588 126180867626 284917164645 364641209012 646854524224 567985171899 354327275835 984966346694 609600564601 236255561141 99752044821 151893050950 246908263024 162568023390 185061068222 286929004894 172037721752 896970908809 77531184003 524064360991 411015319781 983535723416 115520061446 397610885588 970307825739 863311189839 820231667830 259805787742 170608539622 669245504062 930798686402 556348746443 573277715482 282774558893 769679947397 188841096602 325176064836 426058638036 509968298516 242793814156 114706679809 613182943886 288137717286 581994284926 154326826495 482413484877 535126653187 53125440390 336958515192 135500218629 62487144074 988708903810 325062759592 807831242324 253999318335 678616475977 760710417161 594737720207 470754623014 411433340323 348350620767 931366782533 832132624316 963827247026 124266022773 734400449995 937183346594 182017400803 68403579393 741833608512 571437215292 845170169181 140994932491 797792330981 201002481468 166752675107 164009360549 812761107283 664146935886 523590298174 357840339545 878700086314 393775409554 817984890696 441152336488 377526197024 462241996413 302966052705 749208703551 504991458273 233454504081 899329567727 384536399810 541452006197 907221756008 625101777959 117817516230 937732303427 630202909875 337986943530 138155056628 798342633071 620603118881 535760495070 895814861723 790264072349 153555402169 312274103293 248157076891 743644072225 30943283396 570002564930 762330845701 879414462282 339744437366 822642923405 109001208623 848071358317 127148030900 397294303247 796887633544 148117777565 229389715780 724869713581 717311950235 642520418931 693918574500 544241845018 251680914715 347148457620 184507821310 907709229928 580797049990 401251293207 460798148954 947533996395 154240231642 584713051752 502944083154 610984934369 20298425960 874425117355 932446903276 566586719216 699178089605 919221882661 707172237439 153636334577 577133805343 605886404489 421238886451 734887144910 935617563945 927329336075 451499034369 112682358373 984258415962 838318864804 128151047127 920549559297 868921036726 516372732275 591021406095 396766096815 54736135477 335890407626 806542416185 6887931546 331203256099 396917274868 540579694170 923087085350 345597550471 345662562779 738384140635 453493004928 223479374779 454891795195 138505077942 178574569497 498927080628 416757337589 916165801121 364129456413 581012812779 632305502874 13798358898 663637617713 180283577169 959749049705 148422496404 416013246806 83902485567 997224674664 503797928263 594036655840 66130977758 749157353907 209593467832 899148770622 203874503326 191662812465 35982058973 471744453776 565163809811 65687421697 776160974195 453237795826 526281480694 440152921201 401566608606 561632928691 155061124740 181824703752 859317743671 948127972995 370536715018 274437373907 646506731682 411461087201 25679314999 158225688352 716688280967 658882276360 28139434297 220133775171 228475566039 672186038015 19735585096 104536374009 801309658341 179905272883 655226130012 239319069960 102243049251 244764726360 724145218848 858163886894 833063235472 399193200116 666325872822 203608904590 293449302839 893726537682 15604650314 84765064865 209801112661 26297126512 184152925075 582581929245 423930220626 892969330561 818727115461 340744949259 261241846783 379516449475 588557528183 269855606292 624252846885 411345487104 551313847177 437489955893 293000566627 949078453754 763558249836 137929601617 870013385886 489563424827 895376408279 799646061280 427283869554 23675825361 269473493513 544167399362 633089131801 258634439881 140209440022 835034860014 984115632794 527853938717 174767467106 273517191973 20712840006 917102913664 119464749098 577664901161 270871455778 555791308453 650676657126 832021934668 206616182389 9191309654 134276499483 898792766751 875023069915 598077334114 599719589613 663547853621 174260972426 918427676049 418348633045 385563128510 517208706606 44469538946 167326029622 735231274689 81992372917 604606780787 245106266141 390142283531 289640540171 356119419556 720358498491 298974411496 566717957430 474149998647 665522735768 936882696598 732222151992 215907624698 32383378159 262688849363 596319829236 50879934289 498023947771 597664765931 333389674697 770835979714 104558331977 74524297512 727622407809 496948871229 689764386408 435766013977 245139267363 816377785842 798873964652 695645971891 270605504614 588853303820 362128434789 93662199739 918960216881 136537068561 952153706041 444620600817 185055989772 545281191504 875135631699 732888707039 806418918481 660239996389 694226623440 850320102600 252988021202 492403676428 222020496955 988064080361 943475111450 38844394784 706901210128 927710159249 182775797530 568968105046 916171735431 30582411599 698924424711 297179949939 923913101128 972474065723 948308772317 475646430431 859229178228 843768417251 320071419323 831696994919 37152185870 594271849624 230041356908 122325229357 76815483011 698062173355 341196635098 723291757527 66883067943 316985667448 539183328772 793115769814 320996646285 625004362913 886596428269 617945572460 233721408962 23458865891 871836877346 17180889339 872674961165 529930089746 940308313696 799164692347 996473152302 348118626333 764884469745 399593435454 478802014956 629559558416 873045247724 985258142073 769192991646 418056527871 423150997844 737584491073 236237573809 109381266861 353462935928 287130683378 299426021522 234458435877 39845552560 21089745845 988036184015 425671922063 383934127993 679139288004 218856138939 952615110437 787091337189 88427167100 420830905127 879970934079 947473214808 467737932862 614133872866 166401433287 988121592580 229358040648 944196271965 649530348854 609157971187 511617959278 227834895467 177743315769 219201094569 188795038202 780937607032 351331630597 58539450422 967296746199 882694206985 930278208532 994392438513 172916385659 397349964195 758023873362 700063931537 154178314243 818033991395 226013795085 226550383485 537020656729 596549145156 583514801509 92158969099 877853389752 263165356667 130896330269 889248826563 957142883042 859145597098 808867116495 656836175385 552913528203 87107910882 409107012732 369389015078 260686107899 721764029616 496208749458 81441693733 219513497264 686741562140 77272798157 850667738226 497713292589 478957912382 596598933619 827087516995 350736100392 676645378088 566353684429 269440091425 878412124376 798297672016 658183489628 851079297595 868272306992 710104161037 838543788589 699779409589 679059386724 621477432987 752431977148 158405425285 884597113389 873877539577 29545387039 824655819178 132370664096 335989386677 746932184615 158918600786 818432568578 832178414157 507917198860 5124466626 283829040653 615582344859 981657056489 631857738088 259315932002 631399158208 540387113325 777940763632 104296163795 760288357831 543022339305 965680968674 340986693020 632131127631 935245015077 102172147990 937049136020 690505560548 68493122884 301362297024 711980956172 67467803025 581854569334 343846150166 618796100728 46610766034 876131015950 973566231215 968283017932 750105617147 131401929652 757561846220 21756698653 25003207713 323719560047 488847962016 769883662795 682904221655 443064266210 272595301090 425640680547 454640369129 165472308495 798116252445 692771243083 222650877728 84923627183 679592905812 653399109067 274311204547 953324842366 150458297784 432637510621 944504215855 420294161253 639797743700 398401570451 272482598341 984887334395 409399472698 896464569254 230836612258 211313933475 33793330161 651610637080 367489214226 865313642988 474779569691 967051596860 185558483929 867974942301 773754069512 770747745307 844091444786 760285927623 626192478557 130112460716 33981077016 923278430586 614976863124 796553642511
481041627870 118
947959785138 935748687112 299398135154 612210206112 614403538279 596726487814 893488859014 123293374403 951921219531 670464013617 39374037879 821198392290 694928228338 200529725102 977395145575 322692556994 358187058070 824971212916 81746984865 881974226893 532953328417 70943031298 941999978492 773136078752 346001056458 213470461588 483691295830 19322577488 571842664096 103021931385 142773496209 747774981208 723618267350 906408261000 952537206886 759608441633 660114920749 722807186976 977534644831 397198312814 680290579776 464167624978 146078797896 985502666445 430829724043 591836009816 323277865077 651039609846 159189565247 225449681913 559206995622 246661285604 608534869228 597538123025 3440189 139830 6880378 69915 10320567 46610 17200945 27966 20641134 23305 34401890 13983 51602835 9322 103205670 4661 202971151 2370 271774931 1770 405942302 1185 543549862 885 608913453 790 815324793 590 1014855755 474 1217826906 395 1358874655 354 1630649586 295 2029711510 237 2717749310 177 3044567265 158 4076623965 118 6089134530 79 8153247930 59 16034720929 30 32069441858 15 48104162787 10 80173604645 6 96208325574 5 160347209290 3 240520813935 2 481041627870 1
626213653822 784
1 626213653822 2 313106826911 289841 2160542 579682 1080271 341932044399 813829294463 80147612107 895728320720 548026985862 819410321430 453037032319 640125164671 524690382524 732028243982 84717485010 62677654540 247606128140 160972277273 874522952947 220456451219 976976995054 338204103341 184133119709 787841550645 657317521696 498910584620 554140379078 720065281747 229060547109 998762340664 977076184123 648890215324 199300489971 679552135613 70516490166 30939133135 261307753351 460309655345 871709914837 727635781562 746663938072 427902286629 346755689180 372664536446 990010770364 40988163634 869790989235 578051309161 438212912378 723253230434 487934865124 874445564239 901053885348 423720038695 279139087091 593924632762 912075608701 212102008451 624770908690 634950776853 731157159649 132181914394 714705365092 908823048670 178810400042 237824573966 972864274434 182162581797 854995414950 491503882793 245231437302 869322944893 444928196622 513589676263 359328222292 593114631911 166009605265 392182689625 968081530908 261383060643 657168781573 324649760193 775665570252 130552659620 967385668503 451979483423 235723738122 74912924278 168924883536 521618527837 337882458956 829554707817 431427033221 247338080008 618254457804 705459235129 164751727478 169133057308 36960504939 735971560111 663716379852 475804166449 844843198072 805076023096 587827332463 869980587910 204182340859 111815985044 270525786446 56362730441 529273677093 936524906778 41403497473 121224168483 451744704997 932388246587 313976321185 509317282483 41610535948 147735617812 985608653042 965018883323 4369612926 950575608025 639834582813 870074956839 452063452344 517636889003 486802989975 668005905702 137979009175 26339808894 305559187764 708411131826 205011239804 670712323080 967176594773 93333201911 670685616797 443389064550 871720936943 177190192303 694331423937 841721812087 946500397483 682975030686 494969843666 617748913690 871296860463 570236448625 30550574043 931129626969 691140458436 676889463809 218789393695 660681242254 393706644784 651019053417 104576327614 657814130626 999030670016 48610918975 978678901921 407993275481 870815046413 782072663797 568175578271 739202997195 878967254626 407013395558 330393257604 667601866771 811325230562 763979725197 795931294999 437523596653 817657286273 121534128126 543953633735 5705353941 324829273153 367691427834 397556942991 697418592147 388902845021 449238484385 238566908640 371275954467 223401293926 75535854859 602018884552 668479773646 621736649666 461710896905 380286556245 867374995784 519034631618 480667985820 24969936093 339770217113 378597037189 397398823216 580877446095 534623336164 607284174891 766863894871 814956625710 720332548460 955721423275 20712022037 195124066923 8146325840 644551240821 901748398479 243330053924 925050376243 60976312644 934065979533 348727972627 99498636622 487982810052 255649702261 286345882094 308935304861 805444924572 539365996168 309622587498 612967578270 714682150914 274777942605 415852365914 122503123294 180917863687 682295995500 183823660071 524778797215 709937814463 106486873329 567731233213 257344787384 963896005716 481410166646 806662498102 551360025772 45210969773 631842535983 949198870669 604035547030 818256446741 887312491740 231042370586 213230548751 610636002264 409571399289 841409395370 900955052184 354578056241 237321188187 778686420548 278021642904 823994519140 423790541991 669196835673 97782043539 623413231562 452792395191 584772612677 168514053681 738172849260 865319482017 217047710357 95255700118 22816033573 640939026851 606475951559 548200867339 233031541705 393556509773 592956547513 494530155417 989021619520 135708283143 694392450706 405628380714 427116419709 720371314601 691557685707 989307448600 128070371630 105670022724 723002885222 579414817056 273901329005 78447128612 84375877349 895911927460 190701649993 323698611553 224813880390 354837982183 70619612941 518968900412 67300430780 799164271020 234677735584 538035481352 883014403784 651461206083 533567348524 324084740154 331529920854 665944724610 993762989228 662983797350 558326337315 732061509079 465289138292 62622663318 563021968826 961908029893 174525824477 690436771119 198300692791 534334638698 96304716446 450206230583 755919555596 344889537936 665639341704 796608571907 929355873822 232442895639 403615963763 150409867894 995303610324 926719079672 537917409601 844697911582 520090170452 623874267542 89283359176 755333075744 127167480821 826810575308 782368253428 708940655101 34865037092 301624202903 263460485869 358118279529 87386786562 937329605369 556240030145 308487254851 396338308798 450724120218 600751406546 516090847494 922500030870 496389073039 994570868028 852083040500 208310865932 929418805809 118282250918 818740811181 380853234846 878460317674 870681877966 803765668931 791184440327 304164150798 78694658447 399530286755 172459219803 692450151331 347709054158 977418770386 643956175114 822809061314 130907830525 860340909345 926022312031 485929155393 609448393040 768066134254 173162479028 506603407843 398681201542 148890654349 365595183586 66478508949 27943519172 134142786639 962416123053 553091816460 966891778176 432049188956 313259663903 506274016788 439279602653 106736159167 639951555232 214824333355 621063236738 650106858135 151983692063 62553798149 778212779938 460470983001 57915922814 995376939698 58495297439 692766864847 985395794903 236956200841 142054453397 123620738204 301787540974 99547748615 694460211600 62784053857 509525669636 997415507496 812748023909 615128663420 305688939741 625586569636 527628210598 428312682162 132251035109 886501859007 449485832960 194794961379 367329245339 414385466326 825393445319 731806930941 772938731141 9657578679 412891543102 482834127253 20574343910 260198345365 763133976023 133958719352 535234306949 216137788429 12173240282 243220986349 975811657397 799141443557 957960815264 486926492113 108516004337 548235782539 453116188565 842956134144 95130251893 485877623294 149742576162 323168277104 737238483538 475928272099 376299613917 394533828509 461246818858 785790990890 889630083697 953921468608 788808076408 317582041513 690668895362 434119904816 254602945633 841514311922 35446616064 905298233576 463105416476 637783110391 658789352200 895286467286 636629965745 618000228241 66359906135 519186209965 146482838085 738684017580 513004951639 678810264584 38818008264 84809314391 715795107201 72164601267 69172026851 8742710289 955667071124 736104116456 354171365279 300611583204 352061690292 777141327059 664791542259 186207625779 173568780730 96849863429 660697114614 764799298056 263815346314 17534709359 83814816112 970228391249 295418523272 769777721704 626962106697 380823370191 201908249539 121356076836 615300078404 773391558249 648367517913 530335068279 42502200063 967751546634 799401791140 294095034203 979741983490 603382842125 583773231264 749560991632 814396665120 653507785954 124741894666 335483365649 930283609490 223746371529 370982064616 431859356494 439755915258 610588372594 941773762548 244505262036 123162406060 199699004851 884817873009 648507486101 286351718522 817404957918 862769889319 847218512652 921459534767 251840006293 752568736766 463763684990 845027049774 728245262574 773869761175 653066348256 177468305664 544400794262 984704279897 938620246876 46076182285 163672371970 131792351445 726244055476 820188986930 212551034319 503158322583 838989149228 731920050454 544422259109 591603500385 509434405379 296807712374 563291701271 687597450270 874357299308 639422440729 762072370405 159604627592 461958274234 12076383816 247998764908 729635275267 993331025796 99617273315 403210741568 801688117090 203198892505 557239141781 733645347118 616821634779 187638033474 353799047280 783997728137 556302027684 7937304810 763816829242 37936073740 743076722638 205082736249 961036197301 367985835028 329665646480 149645123295 306962682950 878329617619 996968055482 366727396975 449439831172 724906297226 885696168950 593297431706 393689767654 412324934454 696550806375 124860618 619192056750 352966078652 796233995181 91922295057 592165448263 483227241693 643057126915 64871775973 580788837050 561364867572 558572539768 603385342488 676884135582 805745080211 266386468028 826017164179 500949912895 73654393043 58821362328 333916206156 785901573434 705275901045 789522924388 517630732307 439690673837 146554492254 329576487025 434804697569 87494591295 219311948913 600442298844 737731880239 999583268665 933294003318 640695218337 423645065414 637786178196 786744603695 118910083471 412278748719 840727906428 385430306663 575312212570 584987157317 182817645044 364984803466 331422414595 28777363051 23990871902 831447596662 273579412166 519388749819 299713907251 940838940563 261360476707 430465422234 873497195077 843796717376 186749069268 805027969941 459292435136 484068665700 135854843482 77523481214 729731751207 497827040163 437142686488 725879663204 764750195497 159881118382 610449497452 134856973881 755581912660 659157480409 953540303573 69933860248 56026108522 279328728406 258882245511 245996881847 909618782478 253294986122 272177261968 757756299231 450304941785 774245761606 65096164169 488995296484 30264489579 62791130962 908651840363 138924670485 533929673394 411336996827 343968574534 898665145743 24620679840 663779982539 962622379480 562134492080 937992716181 55095275162 419995029368 260379924622 732268220581 983459682325 254025690693 655949549143 198389653413 564093544753 465182318963 974730097493 609745151884 348678396349 111763789985 153416266357 225133552511 249489669113 853340226134 560686958881 523902330520 112645866045 860728530972 723884722219 67824834983 706731880625 543798265442 82575672814 458904021602 482877291338 163814174213 947745470486 851331626041 666138958666 463263706256 409998274995 651758210727 546708910668 63509553135 511581869350 804687778363 463762244195 54949767411 788114713137 199027828768 261443832085 165548860570 329674925124 759153111924 519768118927 202405718760 879006414927 876867480180 868680729358 240288980349 453377530536 986771869468 771195655025 28142831682 64828888824 465332490115 907451130924
538549077546 498
22855650013 270179689499 152063758206 296048780238 402882890632 864495331623 211451480572 666988193903 710399931405 142047031746 476957088956 243555081872 845226008298 113819314551 678934952872 868870018576 101028697211 8397155901 696095298850 579595906733 634831536316 545937579779 306440850787 21758346598 688943276446 280923258240 721888007086 397231336713 103459769448 702715078850 888396467876 810744294527 823167163520 939605368709 7530915560 69333014053 634540513281 342885040153 46118798401 61483655 87164726599 995695693937 200475420936 992128086035 790312049967 532393185337 731049411256 331909746328 823793785026 645785765840 632646086782 524563404586 874852765238 33168773803 930666679645 762257238496 734521510608 223022115103 973353803246 32257061901 255328586171 313032097574 240786421907 300188536672 643587830641 1886134097 59502313588 996901698889 477602401328 807265075565 590873807620 604579043327 445935798195 457017094226 897565440974 729567098547 363256647410 921237523193 607786300107 439746843023 565912614104 520563879329 490853702758 302259740410 492154854399 755328185184 92270532332 515314416944 951174949011 967006715409 38414368268 467623543342 679789245460 59245683665 545996947932 746424555915 34920885909 459003022476 354478196397 600102035723 596611564661 132989491264 907216277139 711001876644 852445979281 146198365468 731841544021 460426129573 792939698938 324568004345 303325218920 738220330748 785952594193 207884057011 818143586443 153013511279 998339566051 580418430232 165701846620 542657422835 831324029287 236078965036 675470570476 508276943790 176341253617 709505506867 825747555744 353485829674 839410303923 248393635195 170776067926 534902549154 479119542577 979914591397 775419441220 972124560368 31720532077 151996667380 609718434223 87138037837 549687150961 995688126460 444971251396 476262067287 375010631525 373472827562 833722468477 132714846693 486573601310 147998229391 312485558075 395237287730 413004162282 925084359104 206291384310 98951734427 134794141444 532421400651 977128489403 227751535992 972748200773 163812427629 106035330436 560295670593 584064167116 842749431412 529846895522 848710359365 101692458790 594042155825 792033325182 382560089567 5757851051 380692596700 518169861564 339411713693 945556204692 761694743745 46772610616 644857531588 165057866661 511817767352 525594702503 393798700961 28800271972 371948781369 10184108026 891558754864 100153770344 757765311551 579462536015 450359800988 385784366531 226767316834 590327876796 862382124666 542481485749 78492164471 406617295459 852250064530 389521290678 68056352540 818845357561 466988244247 216222257375 809853202481 911061361877 399619816410 84083433261 448763955009 533843134883 693302358014 820389033041 988452952360 831222060944 528566351526 742610382338 636172954267 174908132436 154076362268 114300132729 141361491062 505243185362 597043967242 887313016651 645799528898 647159959657 415188358079 751368990631 319351310991 404071296378 897953140449 552982099028 594504853916 90714111635 663010034258 800823437951 667368506334 253894791106 874827242322 41247987375 829184344791 718365953005 219624791 866021749595 721561227784 957009759482 721361492071 299890896173 675638611184 260308970764 673081645045 884366455240 731909762380 388358794860 164903448577 928892898862 447241340237 47213788819 677326043915 27889570189 574985407529 882647613351 529763699507 816532718424 286118122025 816417846821 276583073545 46951524734 396397516139 216950255934 440543594417 463008579925 284923236954 842277557116 833381372459 48185533630 854731408686 536894559206 590629182093 473335428920 447882124013 470774715683 623612491176 474516753137 448099723357 472324136385 237412109692 906839498376 601491481306 40684049164 1554147217 890150833817 404031577350 269011428439 985721906945 475640114103 273162716322 266075504834 973463890774 788073529261 233579697558 129296661020 676510451143 640969896068 788996804253 444922951444 947604250419 170111154408 165113059933 343135774746 140024194921 467180255791 912399642188 82965653836 693338406319 23697251629 955938483265 68199695064 871145153489 32938964292 527892827581 734842521597 485824937889 221615925187 252678825236 657403331909 573470242559 789654201906 270563343936 427704898595 283616749214 840931310449 529309665757 623109427895 988638465151 343134826409 328965381742 879041527657 879833773832 68302413892 597207226052 733336430814 224626442171 74291070691 827203646667 284761765977 568949026168 43002947904 263031931166 64839121832 122581366589 217770673062 447160127886 635108641711 533785069052 630627448183 559654644475 621596318783 983387782471 837595960276 699241750217 827871962538 974574336947 705629704275 128240601008 967570392791 29712912538 424084659032 17360363801 478556201556 799339458382 416512185886 130482826787 380304958280 227051571812 379934345766 388467145592 167980420699 2407074199 874759134459 652436434657 898766088402 58690663245 810840207203 235218457127 905684926924 759944232590 410827205934 761514651253 64567056611 357395586239 216059664166 865490261913 342283770372 75775600831 69918958423 995732509640 653810757756 166884120777 679355942823 299106460 316480365480 104475526210 741638535440 30607074004 256126690211 846018813711 805183047307 738053397317 577039056534 436458564784 616976980921 192194745658 740668617647 903437529129 417221592756 718289789909 86331580606 115216699128 243576245525 524732310490 877613035996 819601089667 255525696738 315069344469 650512590700 905472035759 989866128779 757264367532 110424651987 917150725554 299870594420 338693291485 971467537085 381098875525 206499478910 824162382754 28859404057 92459477345 689598899737 128903167771 653531816183 981088597727 322835318020 724280398093 123127778837 489558026103 989636747839 321981357072 740904221486 119415567884 858488441376 966726117110 801506601926 311128819972 820992036459 732954605436 364616909413 30856010752 597868104833 507410492321 171727917096 898837460594 364669108483 613566912899 164569238279 557457812748 449665462740 520369453610 895642539112 197203810224 641650807343 312664660535 277603417685 758394988708 359887569372 91427561368 186931277386 194148698616 442229059891 93525540755 396770882738 454502472281 372188036532 799316923142 29919393197 18 59838786394 9 89758179591 6 179516359182 3 269274538773 2 538549077546 1
581866866229 843
1 581866866229 11 52896987839 19949 29167721 219439 2651611 225696152465 640891901598 979397151501 602217242003 358269513491 647507600665 121065863199 892149711031 506234624544 448626285642 587643575780 625152493110 71455761044 685160148850 242507480242 713972399982 821640962101 804404296527 552175121438 520206240004 145671511099 776189303560 272307135500 494602524575 287255969058 136682086136 630164995711 52705893225 749052804657 313973913017 811918577 514464139101 46020740882 277426908886 708221753553 62634652760 839524235016 1461881222 248852331436 739089635136 317530743452 102334960249 357040330347 273009528969 845535385250 315988514244 789875408722 893108314931 435605824595 912153616582 377683623480 964972378803 86397659537 687376409047 496346302365 390542110524 634986213081 702982413239 4892465327 164300672725 716724863211 666505081957 967563529752 760765841931 952091635140 704134042393 297507952329 105121070932 784408516307 648537769253 47694787473 358623630838 955136818023 501934875648 431540995427 455743178224 208883261184 368382697699 369379562345 55228798407 765303141389 418982947557 822124590180 853494414210 212047524489 660865600678 475583860534 883250202582 218168192100 677548369751 605744744173 293753147273 137141773064 649080043300 741900180483 317718452550 644469285804 398066991644 714975277878 200056034369 889424768533 283652554987 367936390669 59370661937 110732912694 517731703349 266716897071 836178783818 13923806733 381870132326 338607771394 20226645841 124334346638 412451816099 492788228483 405145307750 532172500748 593850848116 11703169565 467625933209 962251588986 517103958874 677583957825 311191507063 774241954576 774038170065 520255909468 978638919628 127025184246 13212972714 770442315951 809033255657 121039648165 263863496071 18606225120 293525811865 776268208183 516354984455 350649118521 371818108940 2439938768 299200338293 646600377293 974438980836 849010151731 23824025760 901211970312 784287427543 778639535608 456155999277 395791234107 304510841448 67474517917 231659276445 247404254434 483069578445 747580789884 475331084204 58335142404 962030621800 941625016951 783963547448 990638318548 543934377291 964483411744 76351324438 365952607761 226454844506 195935268039 141287566777 626408930329 783037594107 576712047955 150245056973 809718438344 639548208196 387250920287 677070751691 261176360769 347666415279 916276898918 290876579254 470465619513 889318629535 707338162862 63093484314 150025813874 6430907988 632349112681 446867998968 134929155745 959074429350 531549826786 242039737056 502292436090 682737923630 75681226118 278866472510 810721696190 461910244942 546235263278 431466392799 45358610435 166919443974 444448942600 210013913581 50140947052 842401996497 983525955915 792538429490 852086543199 243349040620 958245400233 196007440964 951327679740 993884097208 712762793659 981496834494 567876785484 259669270885 437740435730 593461811159 73933382502 622826219474 979313489286 192540770924 793418425117 907762989181 943597061393 959475103531 523783703376 979111035810 757601280520 162582645098 480061762014 718590978020 245809739358 641918229931 669075798609 163037679188 565920262898 772472232029 500806347820 12177983909 11958996516 358101426140 925788748956 231089655039 631558004693 222514006186 318591603560 848319106615 729320989616 95579433750 426257497243 27499663709 484878798700 661426865325 119835527908 288423404982 399389379831 923224037922 994262059137 45151789657 762277450055 372096397123 391231670676 751759369822 915075866211 951096307047 576709087066 359153925137 790241522349 250767348573 565105345205 358267290706 656474033089 244393244417 192746774682 919012930964 98902441815 506118156603 222272169001 39636940677 38467101889 172435111190 866207071224 280138770345 951040538180 582909353216 436211157816 581656691349 516797688396 759520554867 279790552173 354034596039 897234806775 948525701274 890780262021 419889353166 780924529431 476264144980 496259873522 202741615725 589507063688 185953592688 333262844016 854839408174 208890211822 70284366299 69987530618 944375246819 508781836161 408430142831 811004701979 833428273087 333833845924 694813636573 770313562648 656377465860 152538595618 878163159473 537065917621 280418540148 429200419693 36042609503 126902112437 766789194409 2535882237 416875242172 521246577990 54645419833 971524008616 224212661863 300691049557 302526681300 231424582016 222912854 726670321604 967699444556 226481033203 664176472484 740520840361 849368733581 423525140282 304496176670 325635945317 714050397296 817209606067 180927028409 370814439920 906236140591 804901572324 984494501392 754894115862 393171919158 589053052872 663060013328 79089545207 544403553194 708758386720 164364187810 779612139774 585270240209 951886876128 40724310742 263546538769 605372241456 299067847791 713522665083 758319819621 102137465585 514144048319 507545258547 373543699537 933935543167 825316728002 696558636815 713386487207 463012584646 919647118319 692027143546 729502220797 860473522489 270715473314 807676740265 193884145737 344513901126 337864230228 975633287413 855209053521 703364112945 728731633520 560215451757 947252072640 495261200209 380029445594 161089932388 787642186592 738333105604 382321074545 24834236459 838052842915 12015374414 702724990753 974284460706 434210517751 234329037528 706526792605 819076862854 547755607009 968690078888 53384708085 503837607365 719330848080 859502380008 180223327472 801932287934 553846629011 396110777936 132625759787 866762153049 157527170143 311922125228 289122379266 875384818710 672168890681 794873426760 250451840206 626787328375 574884294258 837440908279 908935310515 9652982260 675009150792 52342398945 545545868300 289440775733 305764853637 353955365004 622491061126 332561637893 733915355036 406327548997 65485931384 783212432417 283828273202 430928940521 685809816278 331022196603 56716767198 375300431527 949110675745 643321082964 673165199751 631859228887 200922847447 419984531584 749906025949 103037819284 276274861848 278920641343 433425469801 979301852552 66357745214 519592706250 176536561986 973015326266 115873740188 406112760489 735254658130 706875094484 421784860593 345829496497 395455000135 264593533315 204083058786 484215306019 268996810242 285828382488 660092573862 966985867418 603852471735 73753653467 76989531631 949481265172 298201188905 93182740628 598967644563 623165804003 650916806466 269043760437 15907666838 963675812998 251529004315 676245549129 707261095264 612391714118 311495751099 271654638651 597009123586 864036101572 945395599955 105008019417 157248451381 945807998267 738472627123 880496995221 205180470520 586800786276 701684074910 678821681133 410716927425 14541099309 583841821703 251435932809 450712371283 958724677258 398253960265 840169687086 187859327904 670936889606 977813705894 100923315018 7485376283 435196342962 94017079028 747686380885 918294885785 437491036527 261208109700 435993839995 723437354907 12868848531 589394805596 612234170411 638535689257 243528372146 713840850413 93003196455 201083366133 876388156527 742649329076 13011620864 246342019809 210521314670 270914275627 248726573858 61653657803 457090913202 731069337406 608154895521 672569558544 78907999838 950618146295 841319515474 804805077631 822458324132 933224687935 544545028600 199275522435 616386265958 744117502967 738681373275 520943007496 67734823406 371203267281 920008698365 587550318187 538303742247 270003949500 369003219809 897046112805 665870288722 789360757947 452738255618 630817836602 247553128571 707955106534 427346805416 444679548530 649160201835 939670070607 61930806802 826781548607 295429745152 444953652922 22338548941 303182740694 504261943431 57851171691 489747867736 928615005148 104286264449 767566318595 408071252902 654590713977 261666702950 159394313557 161131815837 72097564657 188731734876 664632344818 883563101123 815298558255 684816219731 110835258308 287797015681 313208604812 251012090139 513477858026 533670655641 359671431229 352516466554 832676630360 789535749869 305870649134 914009088567 956860120453 329132864110 353791575217 503677251898 941593340752 877541743473 102665001789 391175488518 553315788909 504009645095 195513780649 862405748997 678108233815 838999447628 860977061840 749104642462 438143576959 611156421065 160885992687 671780531799 179194321568 693142453620 229735122544 117809271853 166389722359 3706438229 719543984613 733535025772 512375797342 161238954742 83087130014 18958848638 166354450848 892844941811 241039987322 354913073135 105579503731 219551920802 516306154730 606926134283 245530099367 56881385007 391991360639 233369942134 222261939582 960234051224 618416220523 555832057993 415554686241 428944690657 544082069699 697553647528 703316333546 172673435549 499623032162 410369888397 870054758273 631455289437 536635179247 114661141040 607719420149 119971867965 336893350183 145944859480 693689980945 206649283853 394126819098 896269041091 205183415610 510892553319 419946823873 19805539902 793956096171 71611048187 474199260547 562149456413 628018280427 690264128282 257189356688 11730915126 724549280841 535808501560 835221052509 824093288022 842687343017 485878424940 331938732662 792557089991 453164412317 183913071251 856436101033 882548539151 463913881739 74774260654 389329225785 803225492114 903149511040 202756628674 64604835464 878231734790 387327552239 544357390184 970009464143 66767779956 652756462641 74949234770 375867054413 807407542262 430491222548 558529734378 319744796995 219343994883 351024390350 371980283944 71754447799 370975568516 465443380796 721749150539 658632998367 712660867168 5923732894 218319061890 665042724096 482639395721 7009338015 803568502242 773539409400 545669829680 66919950244 766334139593 586469333306 783922040176 753123387198 806068610528 518653816308 137501781347 670904997075 621538615340 740394895931 170349071452 194763721599 890736510854 748005830074 907347193232 758514467807 598860875541 656160633690 892720054762 577851971317 634616925758 155936967500 474228690365 716025927947 272241707536 204391072360 314328782649 243094166765 218448537986 424637573854 909349134986 510009127307 187079873872 75525574362 696358726834 384158450035 822274822935 661246713150 796420453745 272942348350 693780031993 264727875779 939516506051 636621707325 324393401310 269835261920 190967623573 692685700718 217560318875 596243540871 262264190538 664761253301 815277769935 779371306464 764432477047 188062480344 89222201338 698996644180 365719077025 430429729160 32057593509 258831927830 31848217469 879989252704 244058625615 556756781884 42340304686 669086207664 323965023449 898511733102 886971739640 325284626175 899522572743 999296176205 825038854034 845026245896 252598681569 578561463165 68578874918 98039724059 330427171773 750766072923 806054804029 854723052995 998433119067 242971291999 39960505744 409388141325